Step : 4357, Balance : 20475.65234375, Position : 1
Step : 4357, Balance : 85915.47033691406, Position : 1
Step : 4357, Balance : 348795.43408203125, Position : 1
Step : 4357, Balance : 1541719.1955566406, Position : 1
